0                       2785      2.520408E+03  1.007542E+03  2.190337E+03  4.431293E-02  2.060750E+01  1.792470E+01
0                       2786      1.852044E+03  5.683324E+02  3.127899E+03  4.038805E-02  7.670683E+01  3.470496E+01
0                       2787      1.663923E-02  1.782769E-02  2.974189E+03  4.887817E-03  3.502846E+01  5.029026E-04
0                       2788      1.852063E+03  5.680623E+02  3.128180E+03  4.038410E-02  7.670993E+01  3.470158E+01
0                       2789      2.520386E+03  1.007856E+03  2.190366E+03  4.431659E-02  2.060681E+01  1.792001E+01
0                       2790      1.592502E+04  2.577956E-02  3.029051E+03  2.145378E-08  8.268286E+02  1.665413E-04
0                       2791      2.520409E+03  1.007543E+03  2.190337E+03  4.431280E-02  2.060751E+01  1.792469E+01
0                       2792      1.852044E+03  5.683321E+02  3.127899E+03  4.038813E-02  7.670683E+01  3.470495E+01
0                       2793      1.765039E-02  1.818623E-02  2.974189E+03  4.887812E-03  3.502846E+01  7.048481E-04
0                       2794      1.852063E+03  5.680623E+02  3.128180E+03  4.038405E-02  7.670995E+01  3.470158E+01
0                       2795      2.520385E+03  1.007855E+03  2.190366E+03  4.431666E-02  2.060679E+01  1.791998E+01
0                       2796      1.592502E+04  2.545084E-02  3.029051E+03  2.044767E-08  8.268284E+02  2.368229E-04