0                       2785      2.090986E+03  8.386602E+02  1.810762E+03  3.689195E-02  1.725430E+01  1.516046E+01
0                       2786      1.542807E+03  4.732205E+02  2.575806E+03  3.377781E-02  6.397428E+01  2.895290E+01
0                       2787      1.554687E-02  1.428220E-02  2.456358E+03  3.895029E-03  2.899510E+01  2.480634E-04
0                       2788      1.542824E+03  4.729948E+02  2.576040E+03  3.377454E-02  6.397687E+01  2.895009E+01
0                       2789      2.090968E+03  8.389190E+02  1.810786E+03  3.689504E-02  1.725375E+01  1.515661E+01
0                       2790      1.324033E+04  2.193077E-02  2.569126E+03  1.959929E-08  6.896482E+02  1.440443E-04
0                       2791      2.090986E+03  8.386603E+02  1.810763E+03  3.689184E-02  1.725430E+01  1.516045E+01
0                       2792      1.542807E+03  4.732204E+02  2.575807E+03  3.377788E-02  6.397429E+01  2.895289E+01
0                       2793      1.753184E-02  1.418966E-02  2.456358E+03  3.895025E-03  2.899510E+01  4.634178E-04
0                       2794      1.542824E+03  4.729947E+02  2.576040E+03  3.377450E-02  6.397688E+01  2.895009E+01
0                       2795      2.090968E+03  8.389188E+02  1.810786E+03  3.689510E-02  1.725374E+01  1.515659E+01
0                       2796      1.324033E+04  2.164931E-02  2.569126E+03  1.885029E-08  6.896482E+02  2.029757E-04