0                       2785      6.376189E+02  2.859258E+01  4.851407E+02  1.473572E-02  3.756673E+00  7.871427E+00
0                       2786      6.376015E+02  4.851254E+02  2.856275E+01  1.473652E-02  7.869436E+00  3.756505E+00
0                       2787      4.563842E+03  1.015412E+03  1.989875E-02  5.356323E-07  1.156041E-04  2.503488E+02
0                       2788      6.376186E+02  4.851406E+02  2.859277E+01  1.473570E-02  7.871426E+00  3.756671E+00
0                       2789      6.376014E+02  2.856231E+01  4.851254E+02  1.473653E-02  3.756503E+00  7.869443E+00
0                       2790      4.563842E+03  2.003820E-02  1.015412E+03  5.368731E-07  2.503488E+02  1.104507E-04
0                       2791      6.376189E+02  2.859300E+01  4.851406E+02  1.473569E-02  3.756680E+00  7.871421E+00
0                       2792      6.376018E+02  4.851257E+02  2.856247E+01  1.473654E-02  7.869440E+00  3.756501E+00
0                       2793      4.563844E+03  1.015413E+03  1.993627E-02  5.349954E-07  9.463373E-05  2.503489E+02
0                       2794      6.376193E+02  4.851411E+02  2.859299E+01  1.473569E-02  7.871426E+00  3.756676E+00
0                       2795      6.376018E+02  2.856275E+01  4.851256E+02  1.473654E-02  3.756504E+00  7.869429E+00
0                       2796      4.563843E+03  2.007601E-02  1.015413E+03  5.357769E-07  2.503488E+02  1.307857E-04