0                       2785      7.188023E+02  3.248573E+01  5.614724E+02  1.703373E-02  4.224388E+00  9.410124E+00
0                       2786      7.187824E+02  5.614515E+02  3.245515E+01  1.703468E-02  9.407867E+00  4.224208E+00
0                       2787      5.223865E+03  1.173369E+03  2.408934E-02  6.109600E-07  1.466064E-04  2.897248E+02
0                       2788      7.188000E+02  5.614699E+02  3.248773E+01  1.703368E-02  9.410124E+00  4.224374E+00
0                       2789      7.187811E+02  3.245130E+01  5.614527E+02  1.703467E-02  4.224177E+00  9.407800E+00
0                       2790      5.223869E+03  2.118454E-02  1.173370E+03  6.076097E-07  2.897250E+02  1.035693E-04
0                       2791      7.188027E+02  3.249083E+01  5.614699E+02  1.703372E-02  4.224423E+00  9.410201E+00
0                       2792      7.187844E+02  5.614550E+02  3.245127E+01  1.703474E-02  9.407836E+00  4.224202E+00
0                       2793      5.223887E+03  1.173373E+03  2.191715E-02  6.066402E-07  9.601325E-05  2.897259E+02
0                       2794      7.188052E+02  5.614728E+02  3.248905E+01  1.703375E-02  9.410206E+00  4.224430E+00
0                       2795      7.187857E+02  3.245494E+01  5.614538E+02  1.703476E-02  4.224236E+00  9.407896E+00
0                       2796      5.223882E+03  2.491758E-02  1.173372E+03  6.123268E-07  2.897257E+02  1.703775E-04