0                       2785      1.542823E+03  2.576042E+03  4.729962E+02  3.377456E-02  2.895009E+01  6.397690E+01
0                       2786      2.090969E+03  1.810787E+03  8.389211E+02  3.689499E-02  1.515657E+01  1.725374E+01
0                       2787      1.324034E+04  2.569127E+03  2.012508E-02  1.617723E-08  1.535901E-04  6.896486E+02
0                       2788      2.090988E+03  1.810763E+03  8.386589E+02  3.689195E-02  1.516050E+01  1.725432E+01
0                       2789      1.542809E+03  2.575807E+03  4.732194E+02  3.377788E-02  2.895293E+01  6.397433E+01
0                       2790      7.546621E-03  2.456360E+03  1.563347E-02  3.895032E-03  3.818263E-04  2.899511E+01
0                       2791      1.542823E+03  2.576042E+03  4.729963E+02  3.377449E-02  2.895011E+01  6.397690E+01
0                       2792      2.090969E+03  1.810787E+03  8.389210E+02  3.689510E-02  1.515658E+01  1.725374E+01
0                       2793      1.324034E+04  2.569128E+03  2.042157E-02  1.345819E-08  9.373924E-05  6.896486E+02
0                       2794      2.090989E+03  1.810764E+03  8.386587E+02  3.689189E-02  1.516052E+01  1.725432E+01
0                       2795      1.542809E+03  2.575807E+03  4.732195E+02  3.377792E-02  2.895292E+01  6.397432E+01
0                       2796      1.191190E-02  2.456360E+03  1.593265E-02  3.895029E-03  6.563954E-04  2.899511E+01